1.000e+00
1.041e+03
1.058e+03
1.019e+03
9.565e+02
8.757e+02
7.950e+02
7.606e+02
7.225e+02
6.926e+02
6.729e+02
6.546e+02
6.343e+02
6.241e+02
6.151e+02
6.110e+02
6.063e+02
6.008e+02
5.962e+02
5.918e+02
5.887e+02
5.858e+02
5.841e+02
5.816e+02
5.792e+02
5.770e+02
5.744e+02
5.721e+02
5.696e+02
5.684e+02
5.667e+02
5.646e+02
5.628e+02
5.609e+02
5.587e+02
5.568e+02
5.553e+02
5.534e+02
5.519e+02
5.501e+02
5.479e+02
5.456e+02
5.434e+02
5.424e+02
5.414e+02
5.397e+02
5.389e+02
5.371e+02
5.355e+02
5.337e+02
5.321e+02
5.305e+02
5.293e+02
5.277e+02
5.263e+02
5.248e+02
5.234e+02
5.222e+02
5.214e+02
5.205e+02
5.202e+02
5.198e+02
5.192e+02
5.187e+02
5.177e+02
5.167e+02
5.153e+02
5.144e+02
5.133e+02
5.120e+02
5.108e+02
5.094e+02
5.079e+02
5.063e+02
5.044e+02
5.021e+02
4.999e+02
4.977e+02
4.955e+02
4.938e+02
4.920e+02
4.899e+02
4.883e+02
4.868e+02
4.853e+02
4.839e+02
4.827e+02
4.816e+02
4.806e+02
4.798e+02
4.787e+02
4.777e+02
4.770e+02
4.761e+02
4.753e+02
4.746e+02
4.737e+02
4.729e+02
4.722e+02
4.715e+02
4.709e+02
4.702e+02
4.697e+02
4.691e+02
4.686e+02
4.681e+02
4.676e+02
4.672e+02
4.667e+02
4.662e+02
4.658e+02
4.654e+02
4.651e+02
4.646e+02
4.643e+02
4.638e+02
4.635e+02
4.631e+02
4.625e+02
4.622e+02
4.620e+02
4.615e+02
4.612e+02
4.609e+02
4.604e+02
4.602e+02
4.598e+02
4.594e+02
4.591e+02
4.588e+02
4.585e+02
4.581e+02
4.579e+02
4.576e+02
4.572e+02
4.570e+02
4.568e+02
4.564e+02
4.562e+02
4.559e+02
4.556e+02
4.554e+02
4.551e+02
4.550e+02
4.548e+02
4.545e+02
4.542e+02
4.540e+02
4.539e+02
4.537e+02
4.534e+02
4.531e+02
4.532e+02
4.526e+02
4.526e+02
4.524e+02
4.525e+02
4.525e+02
4.524e+02
4.523e+02
4.522e+02
4.521e+02
4.519e+02
4.518e+02
4.518e+02
4.516e+02
4.515e+02
4.514e+02
4.513e+02
4.511e+02
4.511e+02
4.510e+02
4.508e+02
4.507e+02
4.506e+02
4.505e+02
4.504e+02
4.503e+02
4.503e+02
4.502e+02
4.500e+02
4.500e+02
4.499e+02
4.498e+02
4.497e+02
4.496e+02
4.495e+02
4.494e+02
4.493e+02
4.493e+02
4.492e+02
4.491e+02
4.490e+02
4.489e+02
4.488e+02
4.488e+02
4.487e+02
4.486e+02
4.485e+02
4.485e+02
4.484e+02
4.483e+02
4.483e+02
4.481e+02
4.481e+02
4.480e+02
4.480e+02
4.480e+02
4.478e+02
4.478e+02
4.477e+02
4.477e+02
4.476e+02
4.476e+02
4.475e+02
4.475e+02
4.474e+02
4.474e+02
4.473e+02
4.473e+02
4.473e+02
4.472e+02
4.472e+02
4.472e+02
4.471e+02
4.471e+02
4.470e+02
4.470e+02
4.470e+02
4.470e+02
4.469e+02
4.469e+02
4.469e+02
4.469e+02
4.469e+02
4.468e+02
4.468e+02
4.468e+02
4.468e+02
4.467e+02
4.467e+02
4.467e+02
4.467e+02
4.467e+02
4.467e+02
4.467e+02
4.466e+02
